-1 -1 -1 -1 -1 -1 -1 -1 -1 -1 -1 -1 -1 -1 -1 -1 -1 -1 -1 -1 -1 -1 -1
-1 01 02 -1 03 04 05 06 07 08 09 10 11 12 12 13 14 15 16 17 -1 19 -1
-1 20 21 -1 22 -1 23 -1 -1 -1 -1 -1 -1 -1 24 -1 -1 -1 -1 -1 -1 25 -1
-1 26 -1 -1 27 -1 28 29 -1 30 31 32 33 34 35 36 37 38 39 40 -1 41 -1
-1 42 -1 43 44 -1 -1 45 -1 46 -1 47 48 -1 -1 -1 -1 49 -1 50 -1 51 -1
-1 52 53 54 55 56 -1 57 -1 58 -1 59 60 61 62 63 -1 64 -1 65 66 67 -1
-1 68 -1 -1 -1 69 -1 70 -1 71 -1 -1 72 -1 -1 73 -1 74 -1 -1 -1 -1 -1
-1 75 -1 76 77 78 79 80 -1 81 82 83 84 -1 85 86 87 88 89 90 91 92 -1
-1 93 94 95 -1 96 -1 97 -1 98 -1 99 -1 -1 100 -1 -1 -1 -1 101 -1 102 -1
-1 103 -1 104 -1 105 -1 106 107 108 -1 109 -1 110 111 112 113 114 115 116 -1 117 -1
-1 -1 -1 118 -1 119 -1 120 -1 -1 -1 121 -1 -1 -1 -1 -1 -1 -1 122 -1 123 -1
-1 124 125 126 -1 127 -1 127 -1 128 -1 129 130 131 -1 132 133 134 135 136 -1 137 -1
-1 138 139 -1 -1 140 -1 141 -1 142 -1 -1 142 143 -1 144 -1 -1 -1 -1 -1 145 -1
-1 146 147 148 149 150 -1 151 152 153 154 155 156 157 -1 158 159 160 161 162 163 164 -1
-1 -1 -1 -1 -1 -1 -1 -1 -1 -1 -1 -1 -1 -1 -1 -1 -1 -1 -1 -1 -1 -1 -1